author|Morris,Charles William
translator|
title|Pragmatische Semiotik und Handlungstheorie
editor|
in|
location|Frankfurt/M
publisher|Suhrkamp
year|1977
pages|291
tag|Organon + Semiotik
significance|secondary
quote|Semiotik [...] bilde das "Organon", das methodische Instrumentarium möglicher Wissenschaft
dateAdded|20180601_0000